$ANSIBLE_VAULT;1.1;AES256
64316432646133346163346130663962376164393634633661646666383336313461313061613632
3832346630323764366362346662366162633162663961330a636362363339626235643331343437
62666131663038303963396339633961613238643630653939313837663564646431383766653133
3136613033623132310a626133666561356162613838643361326434656134643661653635633731
38376334663133653762393530303065353731313732393534326239616162636665326433306236
66653061353834333639356130386263623732616262346531316533356264303964393362323564
65353466653030313632643161313138663136323035313939386338343262356230386463313232
61656638373639356633653338303361353539653061653938363363646532383936666634353330
33353764316436663932616232656330343132333033313764633636393236346462363433646262
61656566666538333862373735313330333066366438633232353030643738353035396663386334
31363734623266616239363663613835373761306132353134323033616435633632356162616531
65333361326437333530313363393936356663666461323736306164646164376662383335373830
34613737313332343135376464386431636564346563313463366535396237346631623664373939
61386539633464333038623265613862303838303263636264393961343739353238383664646539
613834393436363932316437376562306634
